The planted motif is:
TTTGCAACCCGTAGA
0
84
1
37
2
80
3
122
4
118
5
10
6
44
7
113
8
86
9
35
10
37
11
19
12
34
13
132
14
28
15
114
16
23
17
78
18
102
19
5
20
27
21
38
22
113
23
40
24
34
25
115
26
95
27
33
28
18
29
26
30
20
31
105
32
0
33
110
34
8
35
99
36
26
37
33
38
71
39
16
40
79
41
91
42
124
43
112
44
93
45
116
46
85
47
45
48
112
49
2
50
67
51
8
52
23
53
117
54
23
55
102
56
99
57
13
58
8
59
99
60
58
61
91
62
123
63
28
64
59
65
73
66
124
67
2
68
5
69
73
70
55
71
2
72
88
73
70
74
90
75
25
76
30
77
25
78
40
79
48
80
79
81
41
82
18
83
45
84
0
85
99
86
48
87
50
88
48
89
133
90
8
91
129
92
80
93
6
94
58
95
4
96
111
97
75
98
98
99
110
100
33
101
65
102
7
103
10
104
61
105
121
106
67
107
14
108
132
109
60
110
67
111
76
112
74
113
97
114
79
115
66
116
20
117
38
118
86
119
63
120
33
121
51
122
42
123
36
124
9
125
6
126
17
127
10
128
47
129
1
130
22
131
6
132
112
133
29
134
31
135
134
136
124
137
4
138
75
139
131
140
65
141
129
142
43
143
74
144
19
145
63
146
125
147
65
148
15
149
112
150
66
151
125
152
40
153
7
154
48
155
66
156
23
157
48
158
130
159
30
160
49
161
132
162
75
163
114
164
64
165
75
166
98
167
127
168
90
169
115
170
63
171
59
172
66
173
68
174
87
175
112
176
83
177
60
178
64
179
25
180
50
181
101
182
43
183
1
184
31
185
21
186
44
187
97
188
124
189
2
190
31
191
62
192
16
193
18
194
98
195
86
196
29
197
15
198
51
199
105
